1 0.227348 0.109960 0.078075 0.081238
1 0.501257 0.639809 0.092868 0.111924
1 0.448762 0.563986 0.084794 0.061383
0 0.601532 0.324783 0.126523 0.070408
0 0.882844 0.406021 0.056532 0.048748
0 0.349833 0.628979 0.067308 0.046943
0 0.326950 0.125303 0.061916 0.046943
1 0.918517 0.578426 0.052495 0.079433
1 0.711901 0.751733 0.056532 0.079433
1 0.451454 0.816726 0.052495 0.086653
0 0.855923 0.330198 0.034990 0.059578
1 0.755472 0.128248 0.049961 0.092622
1 0.214774 0.317424 0.049961 0.068972
1 0.407254 0.475086 0.070521 0.084743
1 0.318360 0.198202 0.104322 0.098538
1 0.529204 0.876113 0.047014 0.102477
1 0.516596 0.524473 0.030737 0.038274
1 0.589587 0.595870 0.016464 0.027971
1 0.589032 0.745283 0.021955 0.035336
1 0.484219 0.793129 0.027436 0.030922
1 0.374465 0.102740 0.036218 0.095679
1 0.733905 0.058577 0.028536 0.039736
1 0.325629 0.082128 0.030727 0.039750
1 0.282294 0.033333 0.095530 0.066667
