1 0.112208 0.648380 0.067438 0.099893
1 0.640000 0.262897 0.043916 0.102446
1 0.783515 0.793112 0.051761 0.097339
1 0.527852 0.547210 0.070578 0.081974
1 0.650979 0.457554 0.062746 0.056352
1 0.515309 0.069506 0.080000 0.105021
1 0.381984 0.406330 0.067438 0.112704
1 0.952911 0.568991 0.070578 0.105021
1 0.704310 0.674002 0.119212 0.110150
0 0.576478 0.948069 0.064310 0.074292
0 0.333042 0.710333 0.039803 0.102897
1 0.533837 0.241524 0.061367 0.095494
1 0.620486 0.739174 0.049488 0.059120
1 0.575237 0.499732 0.077227 0.108391
1 0.597556 0.252403 0.039816 0.090644
1 0.522727 0.370687 0.088055 0.094678
1 0.647037 0.353895 0.034993 0.033498
1 0.487142 0.289861 0.062746 0.082768
1 0.463009 0.099689 0.024126 0.108391
