1 0.545677 0.508305 0.073187 0.128051
1 0.613564 0.406133 0.068769 0.126377
1 0.795479 0.392479 0.115007 0.201653
1 0.754138 0.726631 0.119767 0.228178
1 0.415759 0.407193 0.055130 0.060360
1 0.402456 0.593422 0.083653 0.144258
1 0.294576 0.532331 0.037059 0.057415
1 0.551204 0.922415 0.061778 0.151610
1 0.791915 0.552362 0.073434 0.122775
1 0.337996 0.417044 0.038016 0.066250
1 0.383146 0.951388 0.052285 0.086843
1 0.714870 0.442066 0.029466 0.063284
1 0.649761 0.510519 0.066525 0.082436
1 0.720096 0.653220 0.047524 0.076695
1 0.250075 0.738686 0.031368 0.061822
1 0.594152 0.615763 0.038974 0.057415
