1 0.472956 0.311276 0.109555 0.129970
1 0.279566 0.212804 0.035826 0.045608
1 0.923962 0.637582 0.052076 0.070831
1 0.863453 0.697760 0.088644 0.072908
1 0.904958 0.567685 0.067542 0.045341
1 0.594703 0.189318 0.063305 0.096558
1 0.419534 0.140059 0.039407 0.045341
1 0.518072 0.113605 0.027669 0.057003
1 0.629174 0.432700 0.109746 0.047300
1 0.564470 0.676855 0.166271 0.279822
1 0.688199 0.752671 0.073475 0.074006
1 0.382087 0.808635 0.139216 0.124570
1 0.446525 0.956677 0.082500 0.084866
1 0.235784 0.892596 0.083771 0.101098
1 0.703676 0.860089 0.174004 0.133591
1 0.483273 0.335653 0.047691 0.063175
1 0.749439 0.453902 0.072182 0.140801
1 0.809280 0.762789 0.121017 0.065045
1 0.375212 0.727315 0.060508 0.049288
1 0.427267 0.678042 0.054873 0.057151
1 0.271091 0.515460 0.060487 0.067003
