1 0.238481 0.572494 0.090994 0.068729
1 0.925028 0.621475 0.086464 0.085252
1 0.584296 0.650096 0.208094 0.094149
1 0.093329 0.069317 0.061575 0.090336
1 0.129240 0.187002 0.051298 0.055971
1 0.283122 0.330120 0.086464 0.077602
1 0.712528 0.298321 0.106989 0.052182
1 0.430663 0.548333 0.165138 0.113070
1 0.582086 0.085851 0.101133 0.077602
1 0.364461 0.755060 0.061575 0.080144
1 0.656837 0.933825 0.089420 0.071247
1 0.409972 0.649736 0.142320 0.089736
1 0.842293 0.416631 0.088619 0.078106
1 0.640235 0.512782 0.149033 0.118897
1 0.595180 0.436475 0.186160 0.049257
1 0.418122 0.360600 0.077182 0.082782
1 0.595180 0.197038 0.063564 0.059113
1 0.136630 0.407998 0.045414 0.031727
1 0.454434 0.228657 0.131685 0.070743
1 0.300069 0.492638 0.195221 0.090647
