1 0.537532 0.190505 0.057131 0.047874
1 0.755738 0.229263 0.050253 0.088926
1 0.159378 0.058253 0.041118 0.047874
1 0.881519 0.254295 0.148692 0.131747
1 0.631677 0.152905 0.100105 0.105011
1 0.786983 0.868821 0.215612 0.256126
1 0.217141 0.790705 0.118080 0.099895
1 0.363460 0.626768 0.169409 0.084526
1 0.730475 0.508989 0.205295 0.151032
1 0.573449 0.416221 0.113017 0.099895
1 0.831382 0.361158 0.120654 0.092211
0 0.404325 0.443579 0.108565 0.020968
1 0.307890 0.164274 0.050253 0.091200
1 0.365053 0.031979 0.068629 0.063958
1 0.117099 0.435621 0.066266 0.059284
1 0.330749 0.557600 0.082257 0.047874
1 0.363871 0.489189 0.070823 0.052442
1 0.530675 0.305653 0.057131 0.050168
1 0.464409 0.199621 0.057131 0.047874
1 0.655211 0.281705 0.045696 0.025095
1 0.622068 0.254347 0.034262 0.025074
1 0.841424 0.165421 0.047996 0.038758
1 0.449557 0.394568 0.073122 0.077516
1 0.524958 0.492621 0.054852 0.031937
1 0.457553 0.466400 0.034262 0.029642
1 0.495127 0.712063 0.105232 0.081979
1 0.508966 0.629421 0.031983 0.041032
1 0.025707 0.180242 0.047996 0.036484
