1 0.290819 0.896233 0.078521 0.077444
1 0.693008 0.420622 0.043254 0.090267
1 0.396568 0.764544 0.113767 0.074022
1 0.795552 0.415200 0.113748 0.155289
1 0.408629 0.240989 0.044832 0.055978
1 0.336252 0.365822 0.087456 0.092622
1 0.147337 0.383567 0.031479 0.033489
1 0.611578 0.455789 0.052623 0.054733
1 0.218176 0.607233 0.043728 0.059133
1 0.393097 0.644678 0.040237 0.055178
1 0.507357 0.393078 0.099172 0.047889
1 0.485503 0.830433 0.070493 0.068600
1 0.629221 0.576700 0.068225 0.049267
1 0.746677 0.543300 0.115365 0.093711
1 0.608886 0.343000 0.086529 0.086667
1 0.510276 0.600333 0.159172 0.128089
1 0.254034 0.266311 0.034970 0.043333
1 0.371233 0.712667 0.059467 0.033511
1 0.525572 0.484289 0.038442 0.043333
