1 0.432782 0.258027 0.057895 0.050027
1 0.539837 0.322068 0.040376 0.039753
1 0.183647 0.361808 0.044436 0.086849
1 0.628434 0.566247 0.104987 0.111890
1 0.119398 0.062055 0.091579 0.110411
1 0.588697 0.207795 0.060602 0.069178
1 0.427769 0.731110 0.113133 0.132466
1 0.429123 0.407986 0.070025 0.080959
1 0.299837 0.357945 0.086190 0.075068
1 0.570514 0.079726 0.083484 0.086849
1 0.880902 0.704616 0.060602 0.085397
1 0.580063 0.730151 0.196516 0.122767
1 0.699799 0.324849 0.095789 0.070411
1 0.817870 0.462055 0.090827 0.102904
1 0.491353 0.241110 0.051178 0.080959
1 0.169524 0.199877 0.040401 0.083918
1 0.213960 0.287562 0.067318 0.056110
1 0.172218 0.450863 0.043083 0.035315
1 0.580075 0.478301 0.156892 0.070411
1 0.381980 0.851082 0.083509 0.083918
1 0.365150 0.527959 0.095614 0.047096
1 0.445326 0.621411 0.137268 0.098712
1 0.287719 0.667808 0.110426 0.138356
1 0.263484 0.520616 0.051178 0.058877
