1 0.703490 0.812294 0.052583 0.084840
1 0.437870 0.617322 0.076865 0.066806
1 0.218766 0.372699 0.064719 0.068605
1 0.222833 0.160607 0.067458 0.081297
1 0.781021 0.037824 0.059333 0.070404
0 0.319214 0.171416 0.055281 0.034296
0 0.588885 0.377218 0.106521 0.066792
0 0.876750 0.455746 0.059333 0.043319
0 0.848437 0.382636 0.029667 0.063180
0 0.339443 0.689533 0.084948 0.037922
1 0.526188 0.931444 0.037750 0.113738
1 0.913156 0.636276 0.048542 0.068591
1 0.750682 0.180439 0.057969 0.095690
1 0.403484 0.529763 0.059323 0.083040
1 0.489104 0.700363 0.076854 0.120948
